||Month : 11 - 2015|||Vehical : All Vehicals||||By user : asiri
NO|Bill No|Customer|Tol Sale|Varience|Expiries|Damages|Discount|GR|F/Issu|Cash|Cheques|Debit|Credits
1|40539|Chamee Hotel - MON|800|.5|0|0|0|0|0|800|0|0|0|
2|40540|Mallika st - TUE|405|0|0|0|0|0|0|405|0|0|0|
3|40551|Sarwodaya co-op shop - THU|5725|9.34|0|0|635.07|0|0|5725|0|0|0|
4|40552|Thilina st - THU|180|0|0|0|0|0|0|180|0|0|0|
5|40553|Dinuka st - FRI|10398|1.49|0|0|433.19|0|0|10398|0|0|0|
6|40555|Gamage st - Hiniduma - SAT|27953|25.07|0|0|1782.63|0|0|0|0|0|27953|
7|40556|Elawalu kade - TUE|540|0|0|0|0|0|0|540|0|0|0|
8|40608|Rasindu st - MON|328|-.5|0|0|0|0|0|328|0|0|0|
9|40609|Vishaka st - MON|540|0|0|0|0|0|0|540|0|0|0|
10|40610|Chamara T Room - MON|858|1.05|493.05|0|0|0|0|858|0|0|0|
11|40611|Madurasinghe st - MON|36|0|324|0|0|0|0|36|0|0|0|
12|40613|Rathnasiri st - MON|11978|-.66|0|0|764.6|0|0|0|0|0|11978|
13|40614|Pasindu st - MON|8786.3|23|0|0|0|0|0|0|0|0|8786.3|
14|40615|K.K.G. st - MON|270|0|0|0|0|0|0|270|0|0|0|
15|40617|Jagath T/R - MON|507|4.5|0|0|0|0|0|507|0|0|0|
16|40618|Palitha Grocery - MON|9661|-.57|229.5|0|402.57|0|0|0|0|0|9661|
17|40619|Sena Stores - MON|5503|-.16|362.35|0|0|0|0|5503|0|0|0|
18|40621|Gayan st - MON|1362|4.5|0|0|0|0|0|1362|0|0|0|
19|40622|Lakindu st - MON|2862|0|0|0|0|0|0|0|0|0|2862|
20|40623|S .G .St - MON|20092|31.09|570.3|0|835.87|0|0|0|0|0|20092|
21|40625|Sanasa - MON|1254|3|0|0|0|0|0|1254|0|0|0|
22|40626|Gamage st - MON|760|8.88|657.4|0|0|0|0|0|0|0|760|
23|40627|Pahan T/R - MON|2417|-1.04|0|0|0|0|0|2417|0|0|0|
24|40628|Isuru St - MON|3397|6.98|0|0|0|0|0|0|0|0|3397|
25|40629|Pathirana St - MON|3675|.5|0|0|0|0|0|0|0|0|3675|
26|40630|Liyanage st - Thawalama - WED|9808|3.5|0|0|408.52|0|0|0|9808|0|0|
27|40631|Abaya st - WED|4770|-2.58|0|0|0|0|0|0|0|0|4770|
28|40632|Ajantha st - WED|430|-14|490.5|0|0|0|0|430|0|0|0|
29|40633|Disanayaka st - WED|4278|-.08|0|0|0|0|0|0|0|0|4278|
30|40635|Wickrama B/S - Thawalama - WED|144|0|0|0|0|0|0|144|0|0|0|
31|40636|Wickrama B/S - WED|312|.09|464.64|0|0|0|0|312|0|0|0|
32|40637|Singhe st - WED|6921|-.45|0|0|288.39|0|0|6284|0|0|637|
33|40638|Jayamini T/R - WED|675|0|0|0|0|0|0|675|0|0|0|
34|40639|Sarasi B/S - WED|864|0|0|0|0|0|0|864|0|0|0|
35|40640|Wickrama st - WED|4809|-2.33|45|0|200.47|0|0|4809|0|0|0|
36|40652|Taniya st - THU|3189|-.6|306|0|0|0|0|2334|0|0|855|
37|40653|Wasana Hotel - THU|2021|1|0|0|0|0|0|2021|0|0|0|
38|40654|Chinthana st - THU|3348|-.62|0|0|0|0|0|3348|0|0|0|
39|40655|Lakshan T/R - THU|439|-.5|0|0|0|0|0|439|0|0|0|
40|40657|Shanthi st - THU|1986|.73|235.88|0|0|0|0|1986|0|0|0|
41|40658|Prabuddha st - THU|833|.5|0|0|0|0|0|833|0|0|0|
42|40659|Jeewantha st - THU|473|.5|0|0|0|0|0|473|0|0|0|
43|40660|Pansal Watta st - THU|1701|0|0|0|0|0|0|0|0|0|1701|
44|40661|Muthumina st - THU|1008|0|405|0|0|0|0|0|0|0|1008|
45|40662|Wije st - THU|2560|0|0|0|0|0|0|2560|0|0|0|
46|40663|Priyantha st - THU|5428|-.21|0|0|226.18|0|0|0|5428|0|0|
47|40664|Dananjaya st - THU|3420|0|0|0|0|0|0|0|0|0|3420|
48|40665|Amila st - THU|540|0|0|0|0|0|0|540|0|0|0|
49|40666|Gunawardana st - THU|6788|.56|0|0|282.81|0|0|0|0|0|6788|
50|40667|Manthri st - THU|907|-.5|0|0|0|0|0|907|0|0|0|
51|40668|Dilshan st - THU|1366|1.12|18|0|0|0|0|1366|0|0|0|
52|40669|Gamage st - THU|3325|-.4|0|0|0|0|0|0|0|0|3325|
53|40671|Maduranga st - THU|1475|.48|0|0|0|0|0|1475|0|0|0|
54|40672|Disanayaka st - THU|573|-.75|0|0|0|0|0|573|0|0|0|
55|40673|Madumadavi st - THU|3095|1.3|0|0|0|0|0|0|0|0|3095|
56|40674|Chandana st - THU|607|-.5|0|0|0|0|0|61|546|0|0|
57|40675|Premachandra st - THU|4210|.73|0|0|0|0|0|4210|0|0|0|
58|40676|Vithanage st - THU|1370|2|0|0|0|0|0|1370|0|0|0|
59|40677|Nuwan Tr. - THU|1959|-.04|0|0|0|0|0|1959|0|0|0|
60|40678|Gamage Trade Center - THU|907|-.5|0|0|0|0|0|907|0|0|0|
61|40679|Sampath st - THU|2054|.86|0|0|0|0|0|2054|0|0|0|
62|40680|Jeewan F/S - FRI|3383|-.2|0|0|0|0|0|3383|0|0|0|
63|406810|Jeewantha st - THU|745|-.5|0|0|0|0|0|745|0|0|0|
64|40682|Sehansa Ph - FRI|265|.25|0|0|0|0|0|265|0|0|0|
65|40684|Sugath st - FRI|5091|-.19|194.48|0|212.13|0|0|5091|0|0|0|
66|40685|S.D.J. st - FRI|19925|3.81|0|0|2213.47|0|0|0|0|0|19925|
67|40686|Niroshan st - FRI|5844|-.33|0|0|243.51|0|0|5844|0|0|0|
68|40687|Bandidola st - FRI|1210|-.5|0|0|0|0|0|1210|0|0|0|
69|40688|Dasuni st - FRI|1350|0|0|0|0|0|0|1350|0|0|0|
70|40689|Priyantha st - FRI|832|-.5|0|0|0|0|0|832|0|0|0|
71|40690|Backery shop - FRI|2146|-.5|0|0|0|0|0|2146|0|0|0|
72|40691|Vithanage st - FRI|1000|-1.28|158.4|0|0|0|0|1000|0|0|0|
73|40692|Thilak st - FRI|5236|-.6|90|0|0|0|0|736|0|0|4500|
74|40693|Nadeeka st - FRI|2049|0|85.5|0|0|0|0|2049|0|0|0|
75|40694|Amarakanthi st - FRI|2970|0|0|0|0|0|0|0|0|0|2970|
76|40695|Nanayakkara st - FRI|7224|-.05|0|0|461.11|0|0|7224|0|0|0|
77|40696|Kavindu Hotel - FRI|9643|.38|0|0|401.78|0|0|4000|0|0|5643|
78|40697|K.V.R st - FRI|1668|2.13|1400.17|0|0|0|0|1668|0|0|0|
79|40698|Sunil st - FRI|2536|.38|0|0|0|0|0|2536|0|0|0|
80|40699|A.K.H. st - FRI|535|.25|0|0|0|0|0|535|0|0|0|
81|69747|Tharush st - TUE|602|-.73|0|0|0|0|0|602|0|0|0|
82|A00583|Gaganasiri st - TUE|1030|-.5|198|0|0|0|0|1030|0|0|0|
83|A00592|Senevirathne st - TUE|341|-.19|2473.25|0|0|0|0|341|0|0|0|
84|A00900|Chamilani st - TUE|2014|-.56|0|0|83.94|0|0|2014|0|0|0|
85|A00922|Sriyani st - SAT|11261|1.55|657.4|0|469.14|0|0|1261|0|0|10000|
86|A00952|Thilina st - TUE|5963|.11|0|0|248.45|0|0|5963|0|0|0|
87|A00953|Ravindu st - TUE|4073|-.6|0|0|0|0|0|4073|0|0|0|
88|A00954|Vithanage st - WED|23557|-.15|0|0|3287.49|0|1239.04|557|23000|0|0|
89|A00955|Isuru st - TUE|3505|-.22|0|0|0|0|0|3505|0|0|0|
90|A00956|T-ye st - TUE|540|0|0|0|0|0|0|540|0|0|0|
91|A00957|Sena T/R - TUE|4753|-.67|0|0|0|0|0|1753|0|0|3000|
92|A00958|S.T st - TUE|675|0|0|0|0|0|0|675|0|0|0|
93|A00959|Akuressa st - TUE|1138|-.69|0|0|0|0|0|1138|0|0|0|
94|A00961|Nimalasiri st - TUE|486|0|0|0|0|0|0|486|0|0|0|
95|A00962|Nagahawatta st - TUE|426|-.85|164.35|0|0|0|0|426|0|0|0|
96|A00963|Liyanage st - Habarakanda - TUE|1425|-.6|0|0|59.4|0|0|1425|0|0|0|
97|A00964|M.G.K. st - TUE|2169|-.68|807|0|0|0|0|2169|0|0|0|
98|A00965|Eranda st - TUE|1075|-.5|0|0|0|0|0|1075|0|0|0|
99|A00967|Liyanage st - TUE|937|-.5|0|0|0|0|0|937|0|0|0|
100|A00968|Yasarathna st - TUE|108|0|0|0|0|0|0|108|0|0|0|
101|A00970|Jayasiri st - TUE|1375|-.5|0|0|0|0|0|1375|0|0|0|
102|A00971|Mahavita st - TUE|2635|-.5|81|0|0|0|0|0|2635|0|0|
103|A00972|Wasantha st - TUE|688|-.5|0|0|0|0|0|688|0|0|0|
104|A00973|Wijaya st - TUE|937|-.5|0|0|0|0|0|937|0|0|0|
105|A00975|Tharush st - TUE|675|0|0|0|0|0|0|675|0|0|0|
106|A00979|Podi kade - FRI|472|-.5|0|0|0|0|0|472|0|0|0|
107|A00981|Ishara st - FRI|1054|-.8|0|0|0|0|0|1054|0|0|0|
108|A00982|Jayawardana st - FRI|1316|-.58|0|0|0|0|0|1316|0|0|0|
109|A00983|Deegayu st - FRI|799|-.5|0|0|0|0|0|799|0|0|0|
110|A00984|Uthara Hotel - FRI|1578|0|0|0|0|0|0|0|0|0|1578|
111|A00985|Piyasiri st - FRI|5751|1.44|0|0|239.56|0|0|1|5750|0|0|
112|A00986|Janapriya Hotel - THU|1233|0|0|0|0|0|0|1233|0|0|0|
113|A00987|Ganewatta T/R - FRI|1962|-.93|0|0|0|0|0|1000|0|0|962|
114|A00988|Senadi Gr. - FRI|3021|0|0|0|0|0|0|0|0|0|3021|
115|A00989|Abesena st - FRI|1723|-.5|0|0|0|0|0|1723|0|0|0|
116|A00990|Ariyarathna st - FRI|1126|-.5|67.5|0|0|0|0|1126|0|0|0|
117|A00991|M.H. Tr - FRI|3010|-.25|0|0|125.43|0|0|0|0|0|3010|
118|A00992|Nipuna st - FRI|1150|-.5|0|0|0|0|0|1150|0|0|0|
119|A00993|Hansaka st - FRI|1944|-.6|0|0|0|0|0|1944|0|0|0|
120|A00994|Disanayaka st - THU|1139|-.64|0|0|0|0|0|1139|0|0|0|
121|A009950|Mahinda st - THU|439|-.5|198|0|0|0|0|439|0|0|0|
122|A00996|Liyange st - Homadola - SAT|135|0|405|0|0|0|0|135|0|0|0|
123|A00997|Bandara st - SAT|1800|-2.92|81|0|75.12|0|0|1800|0|0|0|
124|A00998|Ashara st - SAT|810|0|540|0|0|0|0|810|0|0|0|
125|A00999|Chathuranga st - SAT|697|-.5|0|0|0|0|0|697|0|0|0|
126|A01000|Sampath st - SAT|810|0|0|0|0|0|0|810|0|0|0|
127|A01001|Samantha st - SAT|933|-.75|0|0|0|0|0|933|0|0|0|
128|A01002|Wimalasena st - SAT|1470|-.6|90|0|0|0|0|1470|0|0|0|
129|A01003|Nagahawatta st - SAT|1679|-.35|0|0|0|0|0|1679|0|0|0|
130|A01004|Aluth Kade - SAT|427|-.5|0|0|0|0|0|427|0|0|0|
131|A01005|Liyanage st - SAT|706|-.5|0|0|0|0|0|706|0|0|0|
132|A01006|Keshani st - SAT|5159|-.91|0|0|0|0|0|5159|0|0|0|
133|A01007|Edirisingha st - SAT|3782|-.63|0|0|157.61|0|0|0|0|0|3782|
134|A01008|C.Liyanage st - SAT|855|0|90|0|0|0|0|855|0|0|0|
135|A01009|Siri T/R - SAT|256|-.5|162|0|0|0|0|256|0|0|0|
136|A01010|Gangasiri st - SAT|24253|-.15|986.1|0|1010.55|0|0|0|0|0|24253|
137|A01011|Jayantha st - SAT|1825|-.52|0|0|0|0|0|1825|0|0|0|
138|A01012|Elawalu kade - SAT|7756|-3.54|81|0|323.31|0|0|7756|0|0|0|
139|A01013|Wanigarathna st - SAT|22937|-.33|0|0|2194.76|0|1239.04|0|0|0|22937|
140|A01014|Gamage st - Panangala - SAT|616|-.29|0|0|0|0|0|616|0|0|0|
141|A01015|N.K.S st - SAT|1350|0|0|0|0|0|0|1350|0|0|0|
142|A01016|S.Liyanage st - SAT|391|-.08|0|0|0|0|0|391|0|0|0|
143|A01017|Wimalasena st - SAT|2922|0|0|0|0|0|0|2922|0|0|0|
144|A010180|Indika Hotel - SAT|2314|-.95|493.05|0|0|0|0|0|0|0|2314|
145|A01019|Amila st - SAT|4602|-.45|905.13|0|0|0|0|4602|0|0|0|
146|A01020|Asiri Hotel - TUE|2765|-.1|0|0|0|0|0|2765|0|0|0|
147|A01021|Hasitha  st - TUE|2767|-.5|0|0|0|0|0|2767|0|0|0|
148|A01022|Thilina st - TUE|7262|-.21|0|0|302.59|0|0|7262|0|0|0|
149|A01023|Suriyaarachchi st - TUE|648|-.3|0|0|0|0|0|648|0|0|0|
150|A01024|Jayasiri st - MON|972|0|0|0|0|0|0|972|0|0|0|
151|A01025|Sanduni st - TUE|2646|0|0|0|0|0|0|0|0|0|2646|
152|A01026|Gunarathna st - MON|378|0|0|0|0|0|0|378|0|0|0|
153|A01027|Senanayaka st - TUE|21090.53|1.53|1496.1|0|878.64|0|0|0|0|0|21090.53|
154|A01028|Senevirathne st - TUE|2578|-.56|144|0|0|0|0|2578|0|0|0|
155|A01029|Madushani st - TUE|981|0|0|0|0|0|0|981|0|0|0|
156|A01030|Rasindu st - MON|925|-.5|0|0|0|0|0|925|0|0|0|
157|A01031|Sandaru st - TUE|2200|-.08|0|0|0|0|0|2200|0|0|0|
158|A01032|Mallika st - TUE|1888|-.5|0|0|0|0|0|1888|0|0|0|
159|A01033|Sahana F/C - TUE|10594|-1.01|1038|0|441.46|0|0|0|10594|0|0|
160|A01034|Yasindu st - TUE|2942|-.42|0|0|0|0|0|2942|0|0|0|
161|A01035|Senanayaka st - TUE|1046|-.58|0|0|0|0|0|1046|0|0|0|
162|A01036|Eranda st - TUE|2050|-.92|0|0|0|0|0|2050|0|0|0|
163|A01037|Wasantha st - TUE|2529|0|0|0|0|0|0|2529|0|0|0|
164|A01038|Ananda st - TUE|7880|-.54|0|0|0|0|0|7880|0|0|0|
165|A01039|Milina Padmini st - TUE|2765|-.9|0|0|0|0|0|2765|0|0|0|
166|A01040|S.T st - TUE|360|0|0|0|0|0|0|360|0|0|0|
167|A01041|Sena T/R - TUE|2169|0|0|0|0|0|0|2169|0|0|0|
168|A01042|T-ye st - TUE|2180|-.82|328.7|0|0|0|0|2180|0|0|0|
169|A01043|Isuru st - TUE|1035|0|0|0|0|0|0|1035|0|0|0|
170|A01044|Galpoththa st - TUE|2356|-.15|0|0|0|0|0|2356|0|0|0|
171|A01045|Senanayaka st - TUE|4771|-.47|0|0|198.81|0|0|271|4500|0|0|
172|A01047|Karunarathna st - TUE|2227.16|-.84|0|0|0|0|0|0|0|0|2227.16|
173|A01048|Induwara st - SAT|2257|-.5|0|0|0|0|0|0|0|0|2257|
174|A01092|Wimalasiri st - WED|3856|-.4|724.2|0|0|0|0|0|0|0|3856|
175|A01093|Thennavila St - MON|4706|.27|222.38|0|300.37|0|0|0|4706|0|0|
176|A01094|K.K.G. st - MON|140|.5|171|0|0|0|0|140|0|0|0|
177|A01095|Sena Stores - MON|4598.64|0|0|0|191.61|0|0|0|0|0|4598.64|
178|A01097|Dasun st - MON|2559|.08|567|0|0|0|0|2559|0|0|0|
179|A01098|Pathirana Hotel - MON|1163|-.3|299.2|0|0|0|0|1163|0|0|0|
180|A01099|Hakpitiya T/R - MON|243|-.65|483.85|0|0|0|0|243|0|0|0|
181|A01100|Pasindu st - MON|108|0|0|0|0|0|0|108|0|0|0|
182|A01102|Sudath st - MON|23491|-.28|0|0|0|0|0|0|0|0|23491|
183|A01103|K.G.K. st - MON|2207|-30.83|299.2|0|93.24|0|0|2207|0|0|0|
184|A01104|K.G.K Hotel - MON|945|0|0|0|0|0|0|945|0|0|0|
185|A01105|Rathnasiri st - MON|2030|-.4|0|0|129.6|0|0|2030|0|0|0|
186|A01106|Maddegama st - MON|2165|-.47|222.38|0|90.23|0|0|2165|0|0|0|
187|A01110|Isuru Hotel - MON|9527|.8|0|0|0|0|0|0|0|0|9527|
188|A01111|P.M.G. st - MON|4008|-.51|328.7|0|167.02|0|0|0|0|0|4008|
189|A01112|Malindu st - MON|1201|-.5|172.5|0|0|0|0|1201|0|0|0|
190|A01113|Bataketiya st - MON|2498|1.23|0|0|104.03|0|0|2498|0|0|0|
191|A01114|Sampath st - MON|999|0|0|0|0|0|0|999|0|0|0|
192|A01116|Susiri st - MON|6039|-.48|0|0|251.64|0|0|0|6039|0|0|
193|A01117|Disanayaka Hotel - MON|2469|0|0|0|0|0|0|2469|0|0|0|
194|A01118|Gayan st - MON|1582|-.52|0|0|0|0|0|1582|0|0|0|
195|A01119|Bagya st - MON|3686|0|0|0|0|0|0|0|0|0|3686|
196|A011197|Sarwodaya co-op shop - THU|22558|-.21|0|0|2506.47|0|0|0|0|0|22558|
197|A01120|Wenasa T/R - MON|1789|-.52|0|0|0|0|0|1789|0|0|0|
198|A01121|Srimal st - MON|1885|-.14|0|0|0|0|0|1885|0|0|0|
199|A01123|Sanasa - MON|1438|-.08|0|0|0|0|0|1438|0|0|0|
200|A01124|Chandika st - MON|5893|-.83|0|0|0|0|0|0|0|0|5893|
201|A01126|Isuru St - MON|945|0|0|0|0|0|0|945|0|0|0|
202|A01128|Jayawickrama st - MON|3308|-.25|0|0|0|0|0|3308|0|0|0|
203|A01129|Saman st - MON|1125|0|0|0|0|0|0|1125|0|0|0|
204|A01131|Gihan Pharmacy - WED|6690|-.34|0|0|0|0|0|0|6690|0|0|
205|A01132|Sunil T/R - WED|360|0|0|0|0|0|0|360|0|0|0|
206|A01133|Liyanage st - Thawalama - WED|15383|-.17|0|0|640.97|0|0|0|0|0|15383|
207|A01134|Upali T /R - WED|2338|-.5|0|0|0|0|0|0|0|0|2338|
208|A01135|Jayaneththi st - WED|1619|-.1|0|0|0|0|0|0|0|0|1619|
209|A01136|Madu st - WED|540|0|0|0|0|0|0|540|0|0|0|
210|A01137|Kamburupitiya st - WED|7880|-.73|0|0|328.36|0|0|0|0|0|7880|
211|A01139|Disanayaka st - WED|2083|-.54|0|0|0|0|0|2083|0|0|0|
212|A01140|Saranga Ph - WED|1035|-.76|0|0|0|0|0|1035|0|0|0|
213|A01141|Karunarathna st - WED|6376|-.24|0|0|0|0|0|0|0|0|6376|
214|A01142|Singhe st - WED|1141|-.2|0|0|47.55|0|0|1141|0|0|0|
215|A01143|Wickrama B/S - Jesmin uyana - WED|1010|-.25|0|0|0|0|0|0|0|0|1010|
216|A01144|Sarasi B/S - WED|699|1.5|0|0|0|0|0|699|0|0|0|
217|A01145|Atlas st - WED|216|0|0|0|0|0|0|216|0|0|0|
218|A01146|Chandra st - WED|1687|-.95|493.05|0|0|0|0|1687|0|0|0|
219|A01148|Madu st - WED|2801|-.1|0|0|0|0|0|2801|0|0|0|
220|A01150|Gunawardana st  2 - WED|1350|0|0|0|0|0|0|1350|0|0|0|
221|A01151|Gunawardana st - WED|1083|0|0|0|0|0|0|1083|0|0|0|
222|A01152|Nihal st - WED|675|0|0|0|0|0|0|0|0|0|675|
223|A01153|Chandra st - WED|599|.3|0|0|0|0|0|599|0|0|0|
224|A01156|Wanasinghe st - WED|2104|-.52|0|0|0|0|0|2104|0|0|0|
225|A01157|Alpitiya st - WED|2159|-.58|0|0|0|0|0|2159|0|0|0|
226|A01158|Chathura st - WED|1776|-.75|0|0|0|0|0|1776|0|0|0|
227|A01159|Malith st - WED|2233|0|0|0|0|0|0|0|0|0|2233|
228|A01160|Gamage st - Malgalla - WED|1958|-.58|0|0|0|0|0|1958|0|0|0|
229|A01161|Gamini st - WED|315|0|0|0|0|0|0|315|0|0|0|
230|A01162|Chinthaka st - WED|4497|-.86|324|0|187.41|0|0|4497|0|0|0|
231|A01163|Priyantha st - WED|367|-.5|0|0|0|0|0|367|0|0|0|
232|A01165|Shamali st - WED|1056|0|0|0|0|0|0|786|0|0|270|
233|A01167|Thissa st - WED|1263|-.69|245.35|0|0|0|0|1263|0|0|0|
234|A01168|Nilmini st - WED|1015|-.5|0|0|0|0|0|1015|0|0|0|
235|A01169|Wickrama st - WED|5142|-.72|0|0|214.28|0|0|5142|0|0|0|
236|A01172|Gamage st - Opatha - WED|2182|-.7|0|0|0|0|0|2182|0|0|0|
237|A01174|Chithra T/R - WED|3253|-.23|0|0|0|0|0|0|0|0|3253|
238|A01175|Dananjaya st - THU|7898|-.4|0|0|0|0|0|7740|0|0|158|
239|A01176|Pathum st - THU|1263|0|0|0|0|0|0|0|0|0|1263|
240|A01177|Get Well Pharmacy - THU|2949|-.04|0|0|0|0|0|0|2949|0|0|
241|A01178|Vijaya st - THU|1152|0|0|0|0|0|0|1152|0|0|0|
242|A01179|Himansa Hotel - THU|652|-.5|0|0|0|0|0|0|0|0|652|
243|A01180|Udaya Kumara st - THU|3375|-.18|0|0|0|0|0|3375|0|0|0|
244|A01181|Priyanka st - THU|8493|-.85|744.85|0|353.91|0|0|0|0|0|8493|
245|A01182|W.P.G st - THU|1154|-.16|0|0|0|0|0|1154|0|0|0|
246|A01183|Palliyaguru st - THU|11248|-.75|239.6|0|0|0|0|1248|0|0|10000|
247|A01184|Gunadasa st - THU|2403|-.62|405|0|0|0|0|0|0|0|2403|
248|A01185|Sha Hot & Cool - THU|1170|-.77|0|0|0|0|0|0|0|0|1170|
249|A01188|Premasiri st - THU|1159|-.52|0|0|0|0|0|0|0|0|1159|
250|A01189|Sampath st - THU|1197|-.4|0|0|0|0|0|0|0|0|1197|
251|A01190|Nuwan Tr. - THU|2895|0|0|0|0|0|0|0|0|0|2895|
252|A01191|Chandana st - THU|1126|-.5|0|0|0|0|0|500|0|0|626|
253|A01192|Malini st - THU|2686|-.54|0|0|0|0|0|0|0|0|2686|
254|A01193|Vithanage st - THU|3772|-.58|0|0|0|0|0|0|0|0|3772|
255|A01194|Madura st - THU|2260|-.22|0|0|0|0|0|2260|0|0|0|
256|A01196|Gamage st - THU|1546|-.92|0|0|0|0|0|1546|0|0|0|
257|A01198|Sunflower st - THU|14731|-.46|1386|0|0|0|0|0|0|0|14731|
258|A01199|Subasinghe st - THU|2068|-.5|0|0|0|0|0|2068|0|0|0|
259|A01200|Priyantha st - THU|4090|-.62|0|0|170.44|0|0|0|4090|0|0|
260|A01201|Rathna st - THU|2798|-1.36|90|0|116.64|0|0|2798|0|0|0|
261|A01202|Wije st - THU|3436|-10.12|0|0|219.96|0|0|3436|0|0|0|
262|A01203|Tamilsha st - THU|5406|-.95|0|0|225.29|0|0|5406|0|0|0|
263|A01204|Shanthi st - THU|2832|-.68|0|0|0|0|0|0|0|0|2832|
264|A01207|Jayawardana st - THU|2206|-.54|0|0|0|0|0|0|0|0|2206|
265|A01208|Loku mahaththayage kade - THU|693|0|0|0|0|0|0|693|0|0|0|
266|A01209|B.S.J st - THU|27473|-.46|1136.35|0|1144.73|0|0|0|0|0|27473|
267|A01210|Sakura st - THU|6004|-.66|821.75|0|250.19|0|0|0|0|0|6004|
268|A01211|Shan st - WED|5517|-.66|0|0|229.9|0|0|0|0|0|5517|
269|A01212|Jeewan F/S - FRI|4610|-.22|238.5|0|0|0|0|4610|0|0|0|
270|A01213|Jagoda st - FRI|8100|-.1|0|0|0|0|0|0|0|0|8100|
271|A01214|Deegayu st - FRI|54|0|619.05|0|0|0|0|54|0|0|0|
272|A01216|Sugath st - FRI|17842|-.18|0|0|1982.46|0|1239.04|0|17842|0|0|
273|A01217|Singhagiri Gr. - FRI|21629|-.95|1503|0|901.25|0|0|1629|20000|0|0|
274|A01219|Sehansa Ph - FRI|3066|-.4|0|0|0|0|0|3066|0|0|0|
275|A01220|Aruna Hotel - FRI|2418|-.6|0|0|0|0|0|0|0|0|2418|
276|A01221|U.G.L Hotel - FRI|360|0|0|0|0|0|0|360|0|0|0|
277|A01222|Amarasinghe st - FRI|3772|-.9|0|0|0|0|0|0|0|0|3772|
278|A01223|S.D.J. st - FRI|24265|-.13|0|0|2696.13|0|0|0|0|0|24265|
279|A01224|H.A.D st - FRI|1231|-.5|0|0|0|0|0|1231|0|0|0|
280|A01225|Fruit Shop - FRI|1729|.23|0|0|0|0|0|1729|0|0|0|
281|A01226|Nanayakkara st - FRI|5200|-.2|0|0|216.68|0|0|0|5200|0|0|
282|A01227|Abesena st - FRI|1970|-.1|0|0|0|0|0|1970|0|0|0|
283|A01228|Ariyarathna st - FRI|4036|-.43|0|0|49.56|0|0|0|4036|0|0|
284|A01229|Rasith st - FRI|373|-.5|0|0|0|0|0|373|0|0|0|
285|A01230|Madushani st - FRI|1978|-.5|0|0|0|0|0|1978|0|0|0|
286|A01231|Mahinda st - FRI|1485|-.4|0|0|0|0|0|1485|0|0|0|
287|A01232|Gayan st - FRI|4023|-.02|0|0|0|0|0|0|0|0|4023|
288|A01233|Lional st - FRI|5244|-.83|0|0|218.53|0|0|5244|0|0|0|
289|A01235|Jayawardana st - THU|11972|-.39|0|0|498.85|0|0|11972|0|0|0|
290|A01236|Uthara Hotel - FRI|675|-.75|0|0|0|0|0|675|0|0|0|
291|A01237|Nanayakkara st - FRI|9868|-.21|324|0|629.89|0|0|9868|0|0|0|
292|A01238|Dinuka st - FRI|889|-.52|0|0|0|0|0|889|0|0|0|
293|A01239|Samantha st - TUE|800|0|0|0|0|0|0|0|0|0|800|
294|A01240|U.G.G st - SAT|1797|-.6|0|0|0|0|0|0|0|0|1797|
295|A01241|U.G.S. st - SAT|5555|-.06|0|0|231.46|0|0|0|0|0|5555|
296|A01242|Liyanage st - SAT|993|-.55|0|0|0|0|0|993|0|0|0|
297|A01243|Dedunu st - SAT|1593|0|0|0|0|0|0|1593|0|0|0|
298|A01244|K.P.S st - SAT|624|-.75|0|0|0|0|0|624|0|0|0|
299|A01245|Pradeep st - SAT|3583|-.92|0|0|0|0|0|3583|0|0|0|
300|A01246|Keshani st - SAT|5123|0|0|0|0|0|0|0|0|0|5123|
301|A01247|Wanigarathna st - SAT|1119|-.6|0|0|0|0|0|1119|0|0|0|
302|A01248|Nilmini st - TUE|1798|.12|965.52|0|0|0|0|1798|0|0|0|
303|A01249|Thanahena st - SAT|1397|-.1|0|0|0|0|0|1397|0|0|0|
304|A01250|Lakmal st - SAT|1305|0|0|0|0|0|0|1305|0|0|0|
305|A01251|Vithanage st - SAT|1990|0|0|0|0|0|0|0|0|0|1990|
306|A01252|Elawalu kade - SAT|6377|-.64|0|0|265.74|0|0|0|0|0|6377|
307|A01253|Gamage st - Hiniduma - SAT|5295|-.6|0|0|220.65|0|0|5295|0|0|0|
308|A01254|Induwara st - MON|1726|-.92|0|0|0|0|0|1726|0|0|0|
309|A01255|Opatha st - SAT|2005|-.5|45|0|0|0|0|2005|0|0|0|
310|A01256|Kasun st - SAT|3570|-.02|0|0|0|0|0|3570|0|0|0|
311|A01257|Gunawardana st - SAT|1504|-.54|0|0|0|0|0|1504|0|0|0|
312|A01258|Akuressa st - SAT|2608|-.92|0|0|0|0|0|0|0|0|2608|
313|A01259|Amila st - SAT|3426|-1.08|0|0|0|0|0|0|0|0|3426|
314|A01260|N.K.S st - SAT|1362|-.02|0|0|0|0|0|1362|0|0|0|
315|A01261|Randika st - SAT|1282|-.5|0|0|0|0|0|1282|0|0|0|
316|A01262|Gamage st - Panangala - SAT|1573|-.52|0|0|0|0|0|1573|0|0|0|
317|A01263|Udaya st - SAT|1039|-.5|1269|0|0|0|0|0|0|0|1039|
318|A01264|K.V.R st - FRI|1671|-.04|0|0|0|0|0|1671|0|0|0|
319|A01265|Sunil st - FRI|762|-.6|0|0|0|0|0|762|0|0|0|
320|A01267|Aluth Kade - SAT|270|0|0|0|0|0|0|270|0|0|0|
321|A01268|Kanneliya Canteen - SAT|10377|-.94|0|0|0|0|0|10377|0|0|0|
322|A01269|Sethmi st - SAT|2065|-.68|0|0|0|0|0|0|0|0|2065|
323|A01270|Nagahawatta st - TUE|1624|-.5|117|0|0|0|0|1624|0|0|0|
324|A01271|Asiri Hotel - TUE|2160|0|0|0|0|0|0|0|0|0|2160|
325|A01272|Hasitha  st - TUE|2334|-.05|0|0|0|0|0|2334|0|0|0|
326|A01273|Thilina st - TUE|8076|-.67|0|0|336.53|0|0|0|0|0|8076|
327|A01274|Neluwa School - TUE|417|0|0|0|0|0|0|417|0|0|0|
328|A01275|Buddika st - TUE|8362|-.4|0|0|0|0|0|0|0|0|8362|
329|A01276|Rangana st - TUE|575|-.1|0|0|0|0|0|575|0|0|0|
330|A01277|Aruna st - TUE|1343|125.15|1253.75|0|0|0|0|0|0|0|1343|
331|A01278|Galpoththa st - TUE|3892|-.24|0|0|0|0|0|0|0|0|3892|
332|A01279|Isuru st - TUE|963|-.75|26.25|0|0|0|0|963|0|0|0|
333|A01280|T-ye st - TUE|1152|0|198|0|0|0|0|1152|0|0|0|
334|A01281|Akuressa st - TUE|5110|-.9|0|0|0|0|0|1110|0|0|4000|
335|A01282|Ananda st - TUE|3618|0|0|0|0|0|0|3618|0|0|0|
336|A01284|Wijaya st - TUE|5977|-.19|0|0|249.05|0|0|5977|0|0|0|
337|A01285|Wasantha st - TUE|2195|-.16|0|0|0|0|0|695|0|0|1500|
338|A01286|Liyanage st - Neluwa - TUE|5628|-.71|0|0|234.53|0|0|0|0|0|5628|
339|A01287|Eranda st - TUE|1614|0|0|0|0|0|0|0|0|0|1614|
340|A01288|Milina Padmini st - TUE|3465|-.4|0|0|0|0|0|0|0|0|3465|
341|A01289|Mallika st - TUE|1914|-.04|0|0|0|0|0|0|0|0|1914|
342|A01290|Sandaru st - TUE|1456|-.9|0|0|0|0|0|1456|0|0|0|
343|A01291|Senanayaka st - TUE|3203|-.85|986.1|0|133.49|0|0|3203|0|0|0|
344|A01292|Ravindu st - TUE|360|0|0|0|0|0|0|360|0|0|0|
345|A01293|Janidu st - TUE|1183|-.5|0|0|0|0|0|1183|0|0|0|
346|A01294|Yasarathna st - TUE|108|0|0|0|0|0|0|108|0|0|0|
347|A01295|Chamilani st - TUE|6542|-.85|39.6|0|272.62|0|0|6542|0|0|0|
348|A01296|Weerasekara st - TUE|3158|-.25|0|0|0|0|0|0|0|0|3158|
349|A01297|Jayasiri st - TUE|889|-.5|0|0|0|0|0|889|0|0|0|
350|A01298|Karunarathna st - TUE|1890|0|0|0|0|0|0|1890|0|0|0|
351|A01299|Suriyaarachchi st - TUE|1395|0|0|0|0|0|0|1395|0|0|0|
352|A01300|Jayawardana st - SAT|6248|-.35|316.8|0|0|0|0|0|0|0|6248|

||Total|1203311.63|98.45|35294.68|0|36989.82|0|3717.12|475732|133813|0|593766.63
||Value|1240301.45